0.00;0.00;85.05;29.55
8;8;-1.00;1.00
0;20;20
0.0020000000000000018;-0.0029999999999998916;0.0029999999999998916;0.016000000000000014;0.004999999999999893;-0.0029999999999998916;-0.02299999999999991;-0.040000000000000036
0.02200000000000002;0.016999999999999904;0.020999999999999908;0.016999999999999904;0.016000000000000014;0.004999999999999893;-0.0129999999999999;-0.020000000000000018
0.040000000000000036;0.03600000000000003;0.02299999999999991;0.016999999999999904;0.016999999999999904;0.006999999999999895;-0.0020000000000000018;-0.01200000000000001
0.03600000000000003;0.03600000000000003;0.016999999999999904;0.016000000000000014;0.016999999999999904;-0.0029999999999998916;-0.0029999999999998916;-0.0029999999999998916
0.03600000000000003;0.018000000000000016;0.016000000000000014;-0.0029999999999998916;-0.0029999999999998916;-0.0029999999999998916;-0.0040000000000000036;-0.0040000000000000036
0.03699999999999992;0.02299999999999991;0.016999999999999904;-0.0029999999999998916;-0.0020000000000000018;-0.0029999999999998916;-0.0129999999999999;-0.0029999999999998916
0.03600000000000003;0.016999999999999904;0.004999999999999893;-0.014000000000000012;-0.0040000000000000036;-0.018999999999999906;-0.02299999999999991;-0.014999999999999902
0.016000000000000014;0.016000000000000014;0.0029999999999998916;-0.0040000000000000036;-0.014000000000000012;-0.016999999999999904;-0.02400000000000002;-0.02200000000000002
