-0.07;0.00;30.09;89.67
8;8;-1.00;1.00
0;20;20
0.006999999999999673;0.0259999999999998;0.040000000000000924;0.040000000000000924;0.040000000000000924;0.04100000000000037;0.038000000000000256;0.019999999999999574
0.08000000000000007;0.07800000000000118;0.08000000000000007;0.07800000000000118;0.06700000000000017;0.0600000000000005;0.0470000000000006;0.027000000000001023
0.12100000000000044;0.11800000000000033;0.10999999999999943;0.09800000000000075;0.08699999999999974;0.08000000000000007;0.0600000000000005;0.040000000000000924
0.14300000000000068;0.1379999999999999;0.12700000000000067;0.11800000000000033;0.11800000000000033;0.09800000000000075;0.07800000000000118;0.0470000000000006
0.14000000000000057;0.125;0.120000000000001;0.10599999999999987;0.09999999999999964;0.08000000000000007;0.0600000000000005;0.038000000000000256
0.120000000000001;0.11800000000000033;0.1070000000000011;0.09800000000000075;0.09800000000000075;0.07800000000000118;0.0470000000000006;0.025000000000000355
0.08000000000000007;0.08000000000000007;0.06600000000000072;0.0600000000000005;0.0600000000000005;0.05799999999999983;0.0259999999999998;0.019999999999999574
0.006999999999999673;0.02200000000000024;0.027000000000001023;0.02800000000000047;0.038000000000000256;0.038000000000000256;0.006000000000000227;0
